PCA = 200
              precision    recall  f1-score   support

           0       0.73      0.47      0.57        17
           1       0.91      0.93      0.92        43
           2       0.75      0.64      0.69        14
           3       0.71      0.42      0.53        12
           4       1.00      0.25      0.40         4
           5       0.50      0.25      0.33         4
           6       0.50      0.33      0.40         3
           7       1.00      0.33      0.50         6
           8       0.65      0.76      0.70        17

   micro avg       0.79      0.67      0.72       120
   macro avg       0.75      0.49      0.56       120
weighted avg       0.79      0.67      0.70       120
 samples avg       0.50      0.50      0.49       120